2615998053007

176344691222

776346064586

2660575852007

176409627939

770114219719

2615255005007

176370029127

776325206525

2636159874007

176344643535

777830811427

10070837589519

176872888612

772754505610

2620021816007

176336018631

776612481969

2633295277007

176379853175

777618887860

2617366940007

176344691222

776448261350

2613928076007

176225919579

776236034330

2645262271007

176409627939

778595892518

10071549824401

177039051309

880795962251

2617418912007

176344643535

776448327416

2602091159007

176096800125

92748901790562543401439156

10071483083622

176487153878

880518803381

10070669805809

176442253913

880006822004

2630455556007

176248450697

777371198003

10071352355717

176949091110

880301896528

10076744748721

177039059936

880878779424

2652128540007

176487153878

779286502456

2610232877007

176306346865

776024648756

2640298890007

176344691222

778175870061

2659477522007

176344643535

770009980325

2600606653007

176252036717

775485925646

2628064824007

176344643535

777193557595

2632247179007

176379853175

777520350421

2615282625007

176344643535

776320079247

2670115191007

176487153878

771144758925

2619303186007

176379853175

776559743663

2626896329007

176344643535

777110787325

2636496259007

176513083539

777879036441

2607206541007

176305008728

775848310540

2617172556007

176344691222

776448260445

2609372630007

176186607327

775968549242

2603592484007

176096800125

92748901790562543401492694

2633999716007

176379853175

777649714676

2607982386007

176306346865

775889168518

10072199639002

176744546113

881303254649

2603083566007

176252036717

775628317630

2633211816007

176475606325

777595520672

2612785628007

176096800125

92612901790562543476967954

2614085323007

176225584998

776242619949

2633407636007

176248450697

777618899705

10070856098916

176344691222

772750887006

2665141401007

176670301943

TBA317764002759

2639563350007

176524047033

778112766679

2639089428007

176486918355

778065948448

2616254153007

176367386254

776367784894

2604411657007

176270927271

775703864638

2661060592007

176336018631

9334689768700053832672

2616448822007

176274302490

776386913550

2667554790007

176487153878

TBA318104668425

2665894095007

176636675409

770694428867

2660566317007

176409627939

770114219616

2639188266007

176406413947

778093231443

2643117890007

176487153878

778411145540

2608019884007

176305008728

775889916545

2676549682007

176807738474

771764057940

10072159655014

176442253913

881007655415

0

176765422323

771335165255

10076800369521

176932573293

880986277624

2591202415007

176186582856

775065043800

2624466847007

176409627939

776893597385

2643201722007

176487153878

778440383668

0

177002643419

880668756872

2644215646007

176411271377

778504980306

2636717571007

176379853175

777895891410

2631414423007

176344691222

777435098900

2609473001007

176306346865

775970247149

2614422237007

176305008728

776261668210

2589916568007

176198911047

92748901790562543401102326

2619040425007

176344691222

776559221025

2633206694007

176248450697

777596447433

10071845336910

176999458933

880706661542

2632401080007

176480589234

777526584309

2643129378007

176524047033

778411160139

2640775118007

176316960319

778199778571

2641794158007

176524047033

778303547197

2646409715007

176524047033

778707233214

10071983362414

177039059936

880875216828

2610859831007

176306346865

776054020381

2638231012007

176524047033

778004488034

2611647718007

176344602871

776097977892

2664809806007

176370029127

770662190538

10071801011305

177039059936

880910154810

2591246617007

176198496534

775062216114

10071649816617

176993981253

880552598253

2611202429007

176344602871

776072049633

2664462990007

176419001740

9334689768700056288179

2638310794007

176486918355

778032523842

2620794145007

176344643535

776657083223

10072179728019

177005648257

881070917790

2605275666007

176306346865

775750477507

2612202146007

176344544309

776136369671

2667393241007

176248450697

770863420510

2676430451007

176451642697

771762019111